Name=30. Curve(s)
X=X Axis, Pixels
Y=Z Axis, Counts
0; 313.00359
1; 291.98375
2; 307.01984
3; 309.01442
4; 295.97292
5; 299.96208
6; 305.02525
7; 303.03067
8; 301.03609
9; 303.03067
10; 295.05234
11; 297.9675
12; 318.06676
13; 307.01984
14; 305.02525
15; 297.04692
16; 313.92416
17; 291.98375
18; 311.009
19; 313.92416
20; 303.95125
21; 297.9675
22; 301.03609
23; 301.95666
24; 307.94041
25; 305.02525
26; 309.01442
27; 301.95666
28; 303.03067
29; 303.03067
30; 299.0415
31; 299.0415
32; 297.9675
33; 301.03609
34; 316.99275
35; 295.05234
36; 301.03609
37; 289.06859
38; 316.07217
39; 295.97292
40; 305.94583
41; 307.94041
42; 301.03609
43; 311.92958
44; 299.96208
45; 301.03609
46; 313.92416
47; 295.05234
48; 318.98733
49; 293.05776
50; 309.935
51; 309.935
52; 307.01984
53; 307.01984
54; 301.03609
55; 301.03609
56; 301.03609
57; 303.95125
58; 301.95666
59; 311.009
60; 303.03067
61; 309.01442
62; 311.92958
63; 303.95125
64; 295.97292
65; 299.96208
66; 299.0415
67; 299.96208
68; 303.95125
69; 295.97292
70; 309.01442
71; 311.009
72; 309.01442
73; 318.98733
74; 303.95125
75; 311.009
76; 307.94041
77; 293.97833
78; 303.95125
79; 313.92416
80; 316.99275
81; 307.01984
82; 305.02525
83; 299.0415
84; 305.02525
85; 299.96208
86; 297.9675
87; 286
88; 309.935
89; 301.03609
90; 305.94583
91; 299.0415
92; 297.04692
93; 303.03067
94; 295.97292
95; 305.94583
96; 316.99275
97; 295.05234
98; 311.92958
99; 307.01984
100; 311.92958
101; 314.99817
102; 303.95125
103; 303.95125
104; 303.95125
105; 303.95125
106; 299.0415
107; 291.98375
108; 316.07217
109; 307.94041
110; 305.94583
111; 307.94041
112; 309.935
113; 309.935
114; 305.94583
115; 295.97292
116; 318.06676
117; 305.94583
118; 305.02525
119; 293.05776
120; 316.07217
121; 311.009
122; 320.98192
123; 307.01984
124; 309.01442
125; 307.01984
126; 307.01984
127; 305.94583
128; 320.98192
129; 303.03067
130; 313.92416
131; 299.96208
132; 309.01442
133; 316.99275
134; 301.03609
135; 303.95125
136; 314.99817
137; 301.95666
138; 314.99817
139; 309.01442
140; 314.99817
141; 293.05776
142; 313.00359
143; 297.9675
144; 307.01984
145; 305.02525
146; 316.07217
147; 309.01442
148; 322.05592
149; 303.95125
150; 311.009
151; 311.92958
152; 307.01984
153; 299.0415
154; 316.07217
155; 301.95666
156; 305.02525
157; 313.00359
158; 307.94041
159; 309.935
160; 305.94583
161; 311.92958
162; 289.98917
163; 311.009
164; 309.01442
165; 295.97292
166; 309.01442
167; 295.97292
168; 313.92416
169; 305.02525
170; 311.92958
171; 309.935
172; 301.95666
173; 313.00359
174; 301.95666
175; 305.02525
176; 305.02525
177; 303.95125
178; 299.96208
179; 297.04692
180; 297.04692
181; 303.03067
182; 303.95125
183; 311.009
184; 309.01442
185; 301.03609
186; 316.99275
187; 303.03067
188; 305.94583
189; 297.9675
190; 295.97292
191; 322.05592
192; 320.98192
193; 305.02525
194; 313.00359
195; 313.00359
196; 318.06676
197; 309.935
198; 330.95483
199; 314.99817
200; 320.98192
201; 330.03426
202; 338.93316
203; 340.00717
204; 334.944
205; 351.05409
206; 357.03784
207; 347.06493
208; 347.06493
209; 324.05051
210; 322.9765
211; 305.94583
212; 299.0415
213; 295.05234
214; 301.03609
215; 297.9675
216; 326.96567
217; 307.94041
218; 316.99275
219; 291.98375
220; 314.99817
221; 307.01984
222; 307.94041
223; 309.935
224; 303.03067
225; 324.97108
226; 311.009
227; 309.01442
228; 309.935
229; 299.96208
230; 313.92416
231; 305.02525
232; 313.00359
233; 311.92958
234; 314.99817
235; 314.99817
236; 314.99817
237; 297.9675
238; 316.07217
239; 299.96208
240; 307.94041
241; 307.94041
242; 303.03067
243; 305.02525
244; 309.935
245; 295.05234
246; 299.0415
247; 309.01442
248; 311.009
249; 301.03609
250; 313.00359
251; 309.01442
252; 305.02525
253; 297.9675
254; 313.92416
255; 316.99275
256; 309.01442
257; 301.03609
258; 309.01442
259; 313.92416
260; 311.92958
261; 297.04692
262; 305.94583
263; 299.0415
264; 305.02525
265; 297.9675
266; 311.009
267; 307.94041
268; 295.97292
269; 297.04692
270; 313.00359
271; 316.07217
272; 299.0415
273; 313.92416
274; 316.99275
275; 301.95666
276; 318.98733
277; 309.01442
278; 305.94583
279; 309.935
280; 301.03609
281; 303.95125
282; 305.94583
283; 303.95125
284; 301.95666
285; 311.009
286; 305.94583
287; 303.03067
288; 311.92958
289; 301.03609
290; 305.02525
291; 316.07217
292; 313.92416
293; 293.97833
294; 309.935
295; 301.03609
296; 303.03067
297; 313.92416
298; 316.99275
299; 303.03067
300; 316.99275
301; 305.94583
302; 307.94041
303; 305.02525
304; 297.04692
305; 316.07217
306; 311.92958
307; 297.04692
308; 316.99275
309; 301.03609
310; 305.02525
311; 316.07217
312; 309.01442
313; 318.98733
314; 318.98733
315; 301.03609
316; 314.99817
317; 299.96208
318; 303.03067
319; 313.00359
320; 316.07217
321; 311.92958
322; 303.95125
323; 318.06676
324; 318.06676
325; 311.92958
326; 307.94041
327; 299.96208
328; 313.00359
329; 297.04692
330; 305.94583
331; 309.01442
332; 311.009
333; 311.009
334; 301.03609
335; 305.02525
336; 309.01442
337; 303.03067
338; 320.06134
339; 311.009
340; 303.95125
341; 297.04692
342; 320.06134
343; 322.9765
344; 309.01442
345; 299.96208
346; 330.95483
347; 311.009
348; 309.935
349; 311.92958
350; 311.92958
351; 311.009
352; 314.99817
353; 314.99817
354; 301.95666
355; 307.01984
356; 313.92416
357; 303.95125
358; 305.94583
359; 313.92416
360; 309.01442
361; 305.02525
362; 301.95666
363; 313.00359
364; 307.01984
365; 301.95666
366; 301.03609
367; 313.92416
368; 322.9765
369; 307.94041
370; 313.00359
371; 299.96208
372; 311.009
373; 314.99817
374; 307.94041
375; 307.01984
376; 318.06676
377; 313.00359
378; 311.009
379; 314.99817
380; 307.01984
381; 301.03609
382; 305.94583
383; 303.95125
384; 311.009
385; 311.009
386; 305.02525
387; 305.94583
388; 311.009
389; 316.99275
390; 309.935
391; 301.95666
392; 303.95125
393; 305.94583
394; 305.94583
395; 313.92416
396; 311.92958
397; 299.96208
398; 313.92416
399; 305.02525
400; 307.01984
401; 309.01442
402; 305.94583
403; 307.01984
404; 320.06134
405; 299.0415
406; 311.009
407; 305.94583
408; 313.00359
409; 303.95125
410; 313.92416
411; 328.03967
412; 307.94041
413; 301.03609
414; 305.02525
415; 305.94583
416; 311.92958
417; 301.95666
418; 313.00359
419; 295.97292
420; 313.92416
421; 311.92958
422; 320.98192
423; 320.06134
424; 313.00359
425; 307.01984
426; 322.9765
427; 303.95125
428; 309.935
429; 301.95666
430; 307.01984
431; 303.03067
432; 311.92958
433; 320.06134
434; 316.99275
435; 311.92958
436; 324.97108
437; 301.95666
438; 309.935
439; 307.94041
440; 311.92958
441; 314.99817
442; 301.95666
443; 299.96208
444; 291.06317
445; 318.06676
446; 326.04509
447; 305.02525
448; 322.05592
449; 313.92416
450; 320.06134
451; 309.935
452; 316.07217
453; 328.03967
454; 320.98192
455; 322.9765
456; 330.95483
457; 311.009
458; 330.95483
459; 330.03426
460; 318.06676
461; 314.99817
462; 330.03426
463; 316.99275
464; 322.05592
465; 326.96567
466; 318.98733
467; 314.99817
468; 328.96025
469; 318.98733
470; 320.06134
471; 338.01259
472; 330.95483
473; 313.00359
474; 334.944
475; 324.05051
476; 345.07034
477; 336.93858
478; 347.06493
479; 342.00175
480; 336.01801
481; 332.02884
482; 343.99634
483; 345.99092
484; 351.97467
485; 345.99092
486; 363.94217
487; 353.04868
488; 374.06851
489; 357.03784
490; 363.94217
491; 382.04684
492; 365.93675
493; 384.04143
494; 382.04684
495; 388.95117
496; 403.06668
497; 396.00893
498; 399.99809
499; 419.02334
500; 432.06485
501; 430.99084
502; 432.06485
503; 465.05218
504; 454.00526
505; 475.0251
506; 461.98359
507; 475.0251
508; 502.94926
509; 508.01243
510; 502.02868
511; 517.06477
512; 533.94201
513; 544.98893
514; 573.06653
515; 598.99611
516; 608.96902
517; 618.02136
518; 641.95636
519; 683.99603
520; 734.01403
521; 714.0682
522; 730.02487
523; 749.05012
524; 794.92553
525; 813.95078
526; 859.97962
527; 913.06622
528; 938.07522
529; 956.02647
530; 1012.0282
531; 1049.0047
532; 1089.0498
533; 1163.0028
534; 1184.0226
535; 1236.0352
536; 1344.9702
537; 1377.9575
538; 1460.9628
539; 1559.0043
540; 1620.9898
541; 1632.0367
542; 1779.0221
543; 1862.0274
544; 1887.0365
545; 2009.0129
546; 2157.0723
547; 2246.982
548; 2378.0107
549; 2486.9457
550; 2640.0683
551; 2837.0717
552; 2944.9326
553; 3121.0696
554; 3280.0226
555; 3504.0296
556; 3687.0709
557; 3946.9804
558; 4190.9333
559; 4350.9602
560; 4481.0684
561; 4669.9401
562; 5030.039
563; 5227.963
564; 5530.0656
565; 5841.0672
566; 6050.9587
567; 6388.9638
568; 6616.96
569; 6867.05
570; 7174.0623
571; 7478.9267
572; 7906.9949
573; 8015.0092
574; 8266.9404
575; 8422.0576
576; 8546.0286
577; 8982.9957
578; 9083.9523
579; 9378.9972
580; 9782.9769
581; 9869.0509
582; 9995.937
583; 9956.0454
584; 9960.9551
585; 10225.928
586; 10341
587; 10252.011
588; 10327.958
589; 10064.06
590; 9707.9499
591; 9475.044
592; 9096.0732
593; 8952.9235
594; 8849.9724
595; 8544.9546
596; 8254.0523
597; 7922.031
598; 7644.9374
599; 7408.9628
600; 7223.0063
601; 7111.9234
602; 7006.9776
603; 7002.9885
604; 6796.9327
605; 6686.9238
606; 6577.0683
607; 6575.0737
608; 6421.0305
609; 6388.0432
610; 6438.9818
611; 6519.072
612; 6461.9962
613; 6442.0504
614; 6317.9259
615; 6322.0685
616; 6212.0596
617; 6143.0163
618; 6247.0415
619; 6094.0723
620; 6127.9803
621; 5992.0417
622; 5776.9336
623; 5523.9285
624; 5455.9592
625; 5339.9665
626; 5333.0622
627; 5212.0064
628; 4930.003
629; 4812.9363
630; 4655.0574
631; 4487.9727
632; 4308
633; 4178.0452
634; 3993.0093
635; 3910.9245
636; 3767.9282
637; 3575.988
638; 3378.064
639; 3230.9251
640; 3154.057
641; 3025.0228
642; 2870.9796
643; 2768.949
644; 2606.0069
645; 2577.0087
646; 2391.0522
647; 2339.0397
648; 2175.9441
649; 2082.0453
650; 1964.9786
651; 1866.9372
652; 1846.0708
653; 1773.9589
654; 1661.9554
655; 1588.0024
656; 1481.9827
657; 1373.0477
658; 1381.0261
659; 1292.9576
660; 1286.0532
661; 1168.9866
662; 1135.9992
663; 1103.0119
664; 1006.0445
665; 989.93438
666; 964.0048
667; 925.95429
668; 913.98679
669; 855.06988
670; 815.94537
671; 774.05912
672; 757.02845
673; 707.01045
674; 712.07362
675; 683.07545
676; 656.99244
677; 631.98344
678; 627.99427
679; 610.9636
680; 597.00152
681; 568.00335
682; 550.05211
683; 540.99977
684; 527.95826
685; 523.04852
686; 508.93301
687; 494.05035
688; 486.9926
689; 479.01427
690; 483.00343
691; 471.03593
692; 450.0161
693; 446.94751
694; 440.96376
695; 423.93309
696; 438.0486
697; 427.00168
698; 425.00709
699; 401.99267
700; 415.95476
701; 417.02876
702; 392.94034
703; 401.99267
704; 413.0396
705; 396.00893
706; 390.02518
707; 382.04684
708; 392.94034
709; 376.98367
710; 386.95659
711; 359.953
712; 361.02701
713; 357.95842
714; 365.93675
715; 365.93675
716; 361.02701
717; 359.953
718; 355.04326
719; 353.04868
720; 351.05409
721; 361.94758
722; 351.97467
723; 342.00175
724; 332.02884
725; 336.01801
726; 340.92775
727; 343.07576
728; 338.93316
729; 347.06493
730; 340.00717
731; 332.94942
732; 330.03426
733; 334.02342
734; 328.96025
735; 336.01801
736; 332.94942
737; 328.96025
738; 332.94942
739; 336.01801
740; 338.01259
741; 330.95483
742; 334.02342
743; 318.98733
744; 322.05592
745; 328.96025
746; 334.944
747; 320.06134
748; 322.9765
749; 320.06134
750; 320.98192
751; 322.05592
752; 330.95483
753; 322.9765
754; 320.06134
755; 318.06676
756; 322.05592
757; 320.98192
758; 313.92416
759; 309.935
760; 330.03426
761; 309.935
762; 309.01442
763; 311.92958
764; 311.92958
765; 326.04509
766; 318.06676
767; 305.02525
768; 320.06134
769; 322.9765
770; 307.94041
771; 309.935
772; 314.99817
773; 313.00359
774; 311.009
775; 316.99275
776; 316.99275
777; 309.935
778; 314.99817
779; 313.00359
780; 322.05592
781; 311.009
782; 316.07217
783; 320.98192
784; 320.06134
785; 324.97108
786; 318.06676
787; 305.94583
788; 318.98733
789; 309.935
790; 328.03967
791; 316.99275
792; 320.06134
793; 314.99817
794; 318.06676
795; 324.05051
796; 324.97108
797; 309.935
798; 322.9765
799; 301.03609
800; 311.009
801; 316.99275
802; 301.95666
803; 309.01442
804; 328.03967
805; 309.935
806; 301.95666
807; 318.98733
808; 318.06676
809; 311.92958
810; 311.009
811; 318.98733
812; 318.06676
813; 318.06676
814; 318.06676
815; 311.92958
816; 311.009
817; 307.01984
818; 322.05592
819; 309.01442
820; 314.99817
821; 313.00359
822; 303.95125
823; 320.98192
824; 311.009
825; 314.99817
826; 318.06676
827; 311.009
828; 330.03426
829; 316.99275
830; 316.07217
831; 303.95125
832; 301.95666
833; 311.92958
834; 332.94942
835; 305.94583
836; 318.06676
837; 307.94041
838; 313.00359
839; 322.9765
840; 313.92416
841; 309.01442
842; 316.99275
843; 309.01442
844; 320.06134
845; 313.00359
846; 311.92958
847; 295.05234
848; 305.02525
849; 314.99817
850; 313.00359
851; 320.06134
852; 309.01442
853; 320.98192
854; 311.009
855; 309.935
856; 301.03609
857; 309.01442
858; 322.05592
859; 311.009
860; 313.92416
861; 311.92958
862; 299.96208
863; 301.95666
864; 314.99817
865; 309.935
866; 318.06676
867; 311.92958
868; 318.98733
869; 309.935
870; 318.06676
871; 320.98192
872; 316.99275
873; 313.92416
874; 322.05592
875; 318.06676
876; 307.94041
877; 320.06134
878; 316.07217
879; 320.98192
880; 314.99817
881; 316.07217
882; 297.04692
883; 313.00359
884; 309.01442
885; 311.92958
886; 313.92416
887; 309.935
888; 324.97108
889; 316.07217
890; 314.99817
891; 318.06676
892; 303.03067
893; 305.02525
894; 318.06676
895; 311.009
896; 314.99817
897; 313.00359
898; 309.935
899; 311.009
900; 313.00359
901; 309.935
902; 305.02525
903; 313.00359
904; 307.01984
905; 309.01442
906; 309.935
907; 305.02525
908; 320.98192
909; 307.01984
910; 318.98733
911; 322.9765
912; 311.009
913; 314.99817
914; 307.94041
915; 307.01984
916; 320.98192
917; 293.05776
918; 313.00359
919; 293.97833
920; 309.01442
921; 305.02525
922; 311.92958
923; 309.935
924; 303.95125
925; 322.05592
926; 316.07217
927; 301.95666
928; 305.94583
929; 313.92416
930; 314.99817
931; 303.95125
932; 316.07217
933; 299.96208
934; 311.92958
935; 311.009
936; 313.92416
937; 303.95125
938; 313.92416
939; 303.03067
940; 309.935
941; 299.96208
942; 320.98192
943; 307.01984
944; 301.95666
945; 314.99817
946; 322.05592
947; 301.03609
948; 320.98192
949; 291.06317
950; 316.99275
951; 311.009
952; 311.92958
953; 307.94041
954; 309.01442
955; 297.9675
956; 316.99275
957; 305.02525
958; 316.07217
959; 311.92958
960; 303.95125
961; 309.01442
962; 318.06676
963; 311.009
964; 311.009
965; 320.98192
966; 311.009
967; 309.935
968; 314.99817
969; 303.03067
970; 309.935
971; 305.94583
972; 303.03067
973; 307.94041
974; 305.94583
975; 309.935
976; 313.92416
977; 314.99817
978; 303.95125
979; 303.95125
980; 313.00359
981; 303.03067
982; 307.94041
983; 307.01984
984; 309.935
985; 307.94041
986; 313.00359
987; 305.02525
988; 311.009
989; 303.95125
990; 307.01984
991; 320.98192
992; 303.95125
993; 316.99275
994; 303.03067
995; 309.01442
996; 303.95125
997; 297.04692
998; 307.94041
999; 303.95125
1000; 313.00359
1001; 305.02525
1002; 309.935
1003; 313.92416
1004; 309.935
1005; 311.92958
1006; 309.01442
1007; 307.01984
1008; 311.92958
1009; 313.92416
1010; 297.04692
1011; 309.935
1012; 318.06676
1013; 301.03609
1014; 301.03609
1015; 309.935
1016; 313.92416
1017; 301.03609
1018; 307.94041
1019; 301.03609
1020; 311.92958
1021; 309.935
1022; 301.03609
1023; 297.9675
