Name=33. Curve(s)
X=X Axis, Pixels
Y=Z Axis, Counts
0; 308.98489
1; 299.94667
2; 300.93523
3; 297.96956
4; 307.99634
5; 300.93523
6; 303.05356
7; 307.00778
8; 303.05356
9; 315.05745
10; 321.97734
11; 309.97345
12; 294.01534
13; 311.95056
14; 304.04212
15; 307.00778
16; 296.981
17; 304.04212
18; 294.01534
19; 314.0689
20; 298.95811
21; 309.97345
22; 299.94667
23; 303.05356
24; 287.94278
25; 309.97345
26; 303.05356
27; 299.94667
28; 312.93912
29; 306.01923
30; 295.00389
31; 297.96956
32; 305.03067
33; 312.93912
34; 309.97345
35; 307.99634
36; 306.01923
37; 302.065
38; 307.00778
39; 307.99634
40; 302.065
41; 305.03067
42; 302.065
43; 307.99634
44; 305.03067
45; 316.04601
46; 295.99245
47; 299.94667
48; 292.03822
49; 311.95056
50; 304.04212
51; 304.04212
52; 302.065
53; 306.01923
54; 295.99245
55; 314.0689
56; 292.03822
57; 307.00778
58; 304.04212
59; 307.99634
60; 283
61; 317.03456
62; 302.065
63; 295.99245
64; 299.94667
65; 299.94667
66; 307.99634
67; 322.9659
68; 291.04967
69; 300.93523
70; 309.97345
71; 294.01534
72; 296.981
73; 314.0689
74; 309.97345
75; 304.04212
76; 296.981
77; 311.95056
78; 307.00778
79; 309.97345
80; 298.95811
81; 309.97345
82; 320.00023
83; 312.93912
84; 305.03067
85; 299.94667
86; 307.00778
87; 299.94667
88; 308.98489
89; 306.01923
90; 303.05356
91; 297.96956
92; 305.03067
93; 299.94667
94; 297.96956
95; 314.0689
96; 304.04212
97; 298.95811
98; 297.96956
99; 307.99634
100; 303.05356
101; 315.05745
102; 295.00389
103; 300.93523
104; 304.04212
105; 316.04601
106; 305.03067
107; 307.99634
108; 298.95811
109; 304.04212
110; 310.96201
111; 292.03822
112; 307.00778
113; 308.98489
114; 299.94667
115; 304.04212
116; 298.95811
117; 311.95056
118; 304.04212
119; 318.02312
120; 309.97345
121; 298.95811
122; 303.05356
123; 310.96201
124; 298.95811
125; 312.93912
126; 310.96201
127; 307.99634
128; 295.00389
129; 308.98489
130; 295.99245
131; 307.00778
132; 299.94667
133; 306.01923
134; 305.03067
135; 306.01923
136; 294.01534
137; 315.05745
138; 304.04212
139; 306.01923
140; 309.97345
141; 297.96956
142; 310.96201
143; 304.04212
144; 310.96201
145; 312.93912
146; 299.94667
147; 306.01923
148; 305.03067
149; 314.0689
150; 308.98489
151; 300.93523
152; 296.981
153; 307.99634
154; 307.00778
155; 316.04601
156; 308.98489
157; 311.95056
158; 295.00389
159; 308.98489
160; 305.03067
161; 309.97345
162; 299.94667
163; 306.01923
164; 293.02678
165; 309.97345
166; 298.95811
167; 318.02312
168; 303.05356
169; 300.93523
170; 312.93912
171; 308.98489
172; 306.01923
173; 299.94667
174; 303.05356
175; 311.95056
176; 298.95811
177; 305.03067
178; 309.97345
179; 309.97345
180; 304.04212
181; 319.01167
182; 309.97345
183; 292.03822
184; 296.981
185; 298.95811
186; 299.94667
187; 303.05356
188; 294.01534
189; 320.00023
190; 307.00778
191; 318.02312
192; 309.97345
193; 308.98489
194; 292.03822
195; 307.99634
196; 298.95811
197; 331.01557
198; 322.9659
199; 324.94301
200; 324.94301
201; 339.06523
202; 333.98123
203; 352.05768
204; 344.00801
205; 359.96613
206; 355.02335
207; 347.96224
208; 330.02701
209; 324.94301
210; 309.97345
211; 305.03067
212; 304.04212
213; 293.02678
214; 315.05745
215; 304.04212
216; 300.93523
217; 306.01923
218; 309.97345
219; 304.04212
220; 302.065
221; 302.065
222; 294.01534
223; 304.04212
224; 302.065
225; 312.93912
226; 310.96201
227; 311.95056
228; 314.0689
229; 310.96201
230; 304.04212
231; 287.94278
232; 308.98489
233; 316.04601
234; 307.00778
235; 309.97345
236; 310.96201
237; 299.94667
238; 303.05356
239; 316.04601
240; 295.00389
241; 300.93523
242; 299.94667
243; 304.04212
244; 300.93523
245; 310.96201
246; 299.94667
247; 315.05745
248; 307.00778
249; 318.02312
250; 315.05745
251; 311.95056
252; 309.97345
253; 310.96201
254; 299.94667
255; 306.01923
256; 302.065
257; 309.97345
258; 300.93523
259; 307.00778
260; 298.95811
261; 318.02312
262; 308.98489
263; 308.98489
264; 296.981
265; 315.05745
266; 299.94667
267; 314.0689
268; 295.99245
269; 318.02312
270; 299.94667
271; 311.95056
272; 304.04212
273; 299.94667
274; 306.01923
275; 316.04601
276; 304.04212
277; 300.93523
278; 308.98489
279; 316.04601
280; 297.96956
281; 302.065
282; 308.98489
283; 308.98489
284; 305.03067
285; 305.03067
286; 293.02678
287; 320.00023
288; 310.96201
289; 311.95056
290; 295.99245
291; 306.01923
292; 315.05745
293; 315.05745
294; 317.03456
295; 309.97345
296; 297.96956
297; 322.9659
298; 309.97345
299; 305.03067
300; 295.00389
301; 312.93912
302; 299.94667
303; 306.01923
304; 317.03456
305; 317.03456
306; 311.95056
307; 315.05745
308; 297.96956
309; 305.03067
310; 316.04601
311; 314.0689
312; 298.95811
313; 300.93523
314; 300.93523
315; 308.98489
316; 299.94667
317; 318.02312
318; 305.03067
319; 306.01923
320; 305.03067
321; 316.04601
322; 294.01534
323; 307.99634
324; 314.0689
325; 310.96201
326; 296.981
327; 314.0689
328; 307.00778
329; 318.02312
330; 307.00778
331; 317.03456
332; 299.94667
333; 304.04212
334; 306.01923
335; 306.01923
336; 296.981
337; 307.99634
338; 303.05356
339; 309.97345
340; 316.04601
341; 312.93912
342; 295.00389
343; 294.01534
344; 300.93523
345; 305.03067
346; 304.04212
347; 312.93912
348; 294.01534
349; 310.96201
350; 307.00778
351; 300.93523
352; 312.93912
353; 310.96201
354; 295.99245
355; 306.01923
356; 299.94667
357; 310.96201
358; 294.01534
359; 310.96201
360; 298.95811
361; 305.03067
362; 307.00778
363; 314.0689
364; 315.05745
365; 308.98489
366; 303.05356
367; 308.98489
368; 309.97345
369; 302.065
370; 299.94667
371; 302.065
372; 298.95811
373; 312.93912
374; 310.96201
375; 307.99634
376; 299.94667
377; 310.96201
378; 292.03822
379; 308.98489
380; 308.98489
381; 314.0689
382; 311.95056
383; 303.05356
384; 297.96956
385; 305.03067
386; 304.04212
387; 307.99634
388; 306.01923
389; 310.96201
390; 307.00778
391; 315.05745
392; 312.93912
393; 314.0689
394; 295.99245
395; 307.00778
396; 317.03456
397; 310.96201
398; 306.01923
399; 307.00778
400; 309.97345
401; 307.00778
402; 307.99634
403; 309.97345
404; 294.01534
405; 310.96201
406; 305.03067
407; 304.04212
408; 314.0689
409; 309.97345
410; 314.0689
411; 300.93523
412; 303.05356
413; 314.0689
414; 305.03067
415; 308.98489
416; 302.065
417; 311.95056
418; 307.00778
419; 309.97345
420; 303.05356
421; 306.01923
422; 306.01923
423; 302.065
424; 318.02312
425; 320.00023
426; 298.95811
427; 316.04601
428; 305.03067
429; 315.05745
430; 305.03067
431; 310.96201
432; 307.00778
433; 307.99634
434; 320.98879
435; 309.97345
436; 315.05745
437; 315.05745
438; 314.0689
439; 306.01923
440; 307.99634
441; 311.95056
442; 304.04212
443; 306.01923
444; 315.05745
445; 315.05745
446; 310.96201
447; 312.93912
448; 307.00778
449; 320.00023
450; 315.05745
451; 304.04212
452; 305.03067
453; 317.03456
454; 307.00778
455; 307.00778
456; 316.04601
457; 316.04601
458; 314.0689
459; 322.9659
460; 310.96201
461; 317.03456
462; 318.02312
463; 320.00023
464; 317.03456
465; 335.95835
466; 320.98879
467; 320.00023
468; 311.95056
469; 323.95445
470; 315.05745
471; 316.04601
472; 322.9659
473; 312.93912
474; 317.03456
475; 327.06134
476; 323.95445
477; 335.95835
478; 322.9659
479; 339.06523
480; 332.99268
481; 325.93157
482; 337.93546
483; 334.96979
484; 332.00412
485; 342.0309
486; 332.99268
487; 348.95079
488; 332.99268
489; 340.05379
490; 347.96224
491; 353.04624
492; 357.00046
493; 344.00801
494; 353.04624
495; 370.98146
496; 368.0158
497; 367.02724
498; 369.00435
499; 381.00824
500; 381.00824
501; 381.9968
502; 378.04258
503; 413.0657
504; 418.00847
505; 425.06959
506; 411.93592
507; 432.97803
508; 429.02381
509; 442.01626
510; 455.99726
511; 446.95904
512; 480.9936
513; 473.93249
514; 499.07005
515; 518.98239
516; 503.02427
517; 529.00917
518; 521.94805
519; 554.0055
520; 558.94828
521; 565.02084
522; 599.0554
523; 602.02107
524; 624.05174
525; 677.01009
526; 654.97942
527; 687.03687
528; 718.9531
529; 753.97622
530; 764.99155
531; 808.06434
532; 848.03024
533; 885.03047
534; 938.97737
535; 977.95471
536; 979.93182
537; 1045.0353
538; 1062.9705
539; 1107.0318
540; 1179.0552
541; 1213.9371
542; 1294.9987
543; 1358.9723
544; 1418.9918
545; 1495.9579
546; 1469.973
547; 1614.0197
548; 1713.0165
549; 1788.9941
550; 1862.006
551; 2011.984
552; 2061.9767
553; 2159.985
554; 2304.0317
555; 2479.006
556; 2537.0484
557; 2731.9351
558; 2933.0356
559; 2998.9864
560; 3076.9411
561; 3302.0493
562; 3451.0388
563; 3614.0093
564; 3860.0185
565; 4014.9393
566; 4212.9329
567; 4306.9869
568; 4528.9883
569; 4747.0354
570; 5009.9913
571; 5058.9954
572; 5443.9673
573; 5639.9837
574; 5750.9844
575; 5899.9739
576; 5974.9629
577; 6223.9378
578; 6424.0497
579; 6615.9707
580; 6831.0522
581; 6980.0417
582; 6990.0685
583; 7138.0694
584; 7167.02
585; 7305.9827
586; 7419.949
587; 7518.9458
588; 7405.968
589; 7513.0145
590; 7389.0213
591; 7405.968
592; 7403.9909
593; 7551.0033
594; 7615.9655
595; 7781.0543
596; 8036.949
597; 8073.9493
598; 8120.9763
599; 8249.0649
600; 8409.0697
601; 8740.942
602; 8793.053
603; 9057.9859
604; 9206.9754
605; 9267.9834
606; 9292.9798
607; 9351.0221
608; 9427.9882
609; 9337.0411
610; 9490.9734
611; 9538.0004
612; 9380.9612
613; 9231.9718
614; 9139.0475
615; 8892.0498
616; 8651.972
617; 8483.0701
618; 8341.0006
619; 8059.9683
620; 7836.9783
621; 7712.9852
622; 7203.0316
623; 6847.9989
624; 6565.9781
625; 6288.0527
626; 6082.0094
627; 5888.9586
628; 5497.0668
629; 5411.0625
630; 5034.9876
631; 4725.9933
632; 4464.026
633; 4273.9409
634; 4054.0578
635; 3901.9615
636; 3602.0054
637; 3529.9821
638; 3401.0461
639; 3206.0182
640; 3033.0209
641; 2840.9587
642; 2727.9809
643; 2615.9916
644; 2525.0445
645; 2463.0479
646; 2352.0472
647; 2233.9854
648; 2071.015
649; 2047.9957
650; 1874.9985
651; 1885.0252
652; 1798.0323
653; 1731.9403
654; 1656.9513
655; 1574.0538
656; 1497.935
657; 1446.9538
658; 1393.0069
659; 1324.9378
660; 1262.9412
661; 1199.9561
662; 1183.998
663; 1151.9405
664; 1098.9822
665; 1095.028
666; 1025.9703
667; 1021.0275
668; 966.93937
669; 951.96981
670; 921.04214
671; 894.06869
672; 821.05679
673; 825.99956
674; 838.99201
675; 789.98789
676; 776.99544
677; 752.98766
678; 699.04076
679; 734.06388
680; 688.02542
681; 646.92975
682; 655.96797
683; 644.95264
684; 638.03275
685; 611.05929
686; 591.99429
687; 611.05929
688; 581.96751
689; 566.0094
690; 532.96339
691; 537.05883
692; 531.97483
693; 529.99772
694; 521.94805
695; 534.9405
696; 504.01283
697; 496.95171
698; 476.05082
699; 471.95538
700; 465.03548
701; 459.95148
702; 469.97826
703; 458.96293
704; 433.96659
705; 458.96293
706; 447.94759
707; 431.00092
708; 420.97414
709; 427.0467
710; 410.94736
711; 414.05425
712; 407.98169
713; 396.96636
714; 406.99314
715; 397.95491
716; 394.98925
717; 394.98925
718; 382.98536
719; 395.9778
720; 381.00824
721; 373.94713
722; 374.93569
723; 366.03869
724; 374.93569
725; 362.9318
726; 383.97391
727; 379.03113
728; 357.98902
729; 349.93935
730; 345.98513
731; 343.01946
732; 365.05013
733; 346.97368
734; 348.95079
735; 352.05768
736; 345.98513
737; 354.03479
738; 327.06134
739; 345.98513
740; 331.01557
741; 344.99657
742; 345.98513
743; 347.96224
744; 328.0499
745; 349.93935
746; 319.01167
747; 332.00412
748; 332.00412
749; 340.05379
750; 340.05379
751; 332.00412
752; 340.05379
753; 330.02701
754; 339.06523
755; 341.04235
756; 324.94301
757; 333.98123
758; 318.02312
759; 333.98123
760; 335.95835
761; 327.06134
762; 319.01167
763; 325.93157
764; 314.0689
765; 340.05379
766; 311.95056
767; 329.03845
768; 320.00023
769; 323.95445
770; 325.93157
771; 314.0689
772; 319.01167
773; 319.01167
774; 311.95056
775; 316.04601
776; 306.01923
777; 327.06134
778; 305.03067
779; 319.01167
780; 315.05745
781; 319.01167
782; 312.93912
783; 315.05745
784; 318.02312
785; 321.97734
786; 315.05745
787; 308.98489
788; 303.05356
789; 320.98879
790; 315.05745
791; 321.97734
792; 319.01167
793; 315.05745
794; 305.03067
795; 307.99634
796; 312.93912
797; 310.96201
798; 318.02312
799; 321.97734
800; 309.97345
801; 305.03067
802; 316.04601
803; 307.99634
804; 316.04601
805; 318.02312
806; 310.96201
807; 315.05745
808; 310.96201
809; 307.00778
810; 317.03456
811; 306.01923
812; 325.93157
813; 320.00023
814; 305.03067
815; 308.98489
816; 311.95056
817; 311.95056
818; 300.93523
819; 302.065
820; 319.01167
821; 305.03067
822; 309.97345
823; 308.98489
824; 319.01167
825; 315.05745
826; 299.94667
827; 311.95056
828; 316.04601
829; 300.93523
830; 309.97345
831; 317.03456
832; 309.97345
833; 318.02312
834; 310.96201
835; 321.97734
836; 302.065
837; 307.99634
838; 306.01923
839; 318.02312
840; 311.95056
841; 315.05745
842; 316.04601
843; 316.04601
844; 304.04212
845; 308.98489
846; 307.00778
847; 306.01923
848; 298.95811
849; 316.04601
850; 310.96201
851; 312.93912
852; 303.05356
853; 310.96201
854; 306.01923
855; 312.93912
856; 312.93912
857; 302.065
858; 307.00778
859; 306.01923
860; 310.96201
861; 310.96201
862; 295.00389
863; 316.04601
864; 302.065
865; 318.02312
866; 315.05745
867; 314.0689
868; 316.04601
869; 311.95056
870; 300.93523
871; 321.97734
872; 308.98489
873; 307.99634
874; 294.01534
875; 312.93912
876; 307.00778
877; 304.04212
878; 311.95056
879; 318.02312
880; 308.98489
881; 299.94667
882; 317.03456
883; 307.99634
884; 307.00778
885; 312.93912
886; 310.96201
887; 316.04601
888; 298.95811
889; 318.02312
890; 306.01923
891; 314.0689
892; 305.03067
893; 311.95056
894; 299.94667
895; 300.93523
896; 297.96956
897; 319.01167
898; 297.96956
899; 311.95056
900; 308.98489
901; 298.95811
902; 311.95056
903; 308.98489
904; 307.00778
905; 307.99634
906; 298.95811
907; 327.06134
908; 307.99634
909; 321.97734
910; 306.01923
911; 309.97345
912; 312.93912
913; 309.97345
914; 305.03067
915; 317.03456
916; 310.96201
917; 318.02312
918; 314.0689
919; 307.00778
920; 310.96201
921; 306.01923
922; 305.03067
923; 310.96201
924; 302.065
925; 304.04212
926; 295.00389
927; 311.95056
928; 303.05356
929; 316.04601
930; 318.02312
931; 319.01167
932; 308.98489
933; 309.97345
934; 311.95056
935; 318.02312
936; 306.01923
937; 322.9659
938; 306.01923
939; 303.05356
940; 305.03067
941; 299.94667
942; 302.065
943; 303.05356
944; 307.99634
945; 306.01923
946; 307.99634
947; 315.05745
948; 307.00778
949; 300.93523
950; 308.98489
951; 302.065
952; 293.02678
953; 308.98489
954; 314.0689
955; 302.065
956; 308.98489
957; 317.03456
958; 297.96956
959; 305.03067
960; 304.04212
961; 300.93523
962; 314.0689
963; 307.00778
964; 320.98879
965; 309.97345
966; 295.00389
967; 304.04212
968; 304.04212
969; 316.04601
970; 309.97345
971; 304.04212
972; 311.95056
973; 308.98489
974; 306.01923
975; 311.95056
976; 303.05356
977; 309.97345
978; 308.98489
979; 299.94667
980; 307.00778
981; 314.0689
982; 307.99634
983; 305.03067
984; 307.99634
985; 310.96201
986; 303.05356
987; 314.0689
988; 300.93523
989; 299.94667
990; 303.05356
991; 302.065
992; 322.9659
993; 303.05356
994; 309.97345
995; 307.99634
996; 311.95056
997; 314.0689
998; 295.99245
999; 312.93912
1000; 309.97345
1001; 306.01923
1002; 308.98489
1003; 316.04601
1004; 317.03456
1005; 308.98489
1006; 311.95056
1007; 314.0689
1008; 295.99245
1009; 321.97734
1010; 307.99634
1011; 296.981
1012; 316.04601
1013; 307.99634
1014; 306.01923
1015; 317.03456
1016; 308.98489
1017; 312.93912
1018; 296.981
1019; 316.04601
1020; 322.9659
1021; 306.01923
1022; 298.95811
1023; 295.00389
