Name=34. Curve(s)
X=X Axis, Pixels
Y=Z Axis, Counts
0; 298.99849
1; 298.0462
2; 294.95128
3; 293.99899
4; 306.02159
5; 313.04469
6; 296.0226
7; 314.94926
8; 296.97488
9; 311.97337
10; 303.99799
11; 309.94977
12; 308.0452
13; 306.02159
14; 299.95077
15; 291.0231
16; 311.02109
17; 316.97287
18; 296.97488
19; 326.01958
20; 306.97388
21; 311.97337
22; 298.0462
23; 301.97438
24; 299.95077
25; 301.97438
26; 298.0462
27; 296.97488
28; 303.0457
29; 306.97388
30; 301.97438
31; 314.94926
32; 311.97337
33; 308.0452
34; 311.02109
35; 316.97287
36; 301.97438
37; 306.97388
38; 298.0462
39; 311.02109
40; 298.99849
41; 308.99748
42; 308.0452
43; 308.0452
44; 298.0462
45; 304.95027
46; 313.99698
47; 299.95077
48; 298.0462
49; 313.04469
50; 306.02159
51; 318.99648
52; 303.0457
53; 303.0457
54; 301.0221
55; 323.04369
56; 314.94926
57; 309.94977
58; 313.04469
59; 303.99799
60; 303.99799
61; 303.0457
62; 296.0226
63; 298.99849
64; 311.02109
65; 313.99698
66; 301.97438
67; 318.99648
68; 304.95027
69; 314.94926
70; 294.95128
71; 316.02058
72; 306.02159
73; 318.04419
74; 291.97539
75; 308.0452
76; 306.97388
77; 316.02058
78; 296.0226
79; 303.0457
80; 316.02058
81; 308.0452
82; 306.02159
83; 308.0452
84; 306.02159
85; 313.04469
86; 303.0457
87; 301.97438
88; 308.99748
89; 306.02159
90; 308.0452
91; 304.95027
92; 319.94876
93; 311.02109
94; 301.97438
95; 299.95077
96; 303.99799
97; 309.94977
98; 296.97488
99; 301.0221
100; 303.0457
101; 314.94926
102; 304.95027
103; 303.99799
104; 311.02109
105; 309.94977
106; 293.04671
107; 301.0221
108; 313.99698
109; 311.97337
110; 306.97388
111; 309.94977
112; 314.94926
113; 313.99698
114; 301.0221
115; 313.04469
116; 301.0221
117; 309.94977
118; 311.97337
119; 323.99597
120; 299.95077
121; 311.97337
122; 298.0462
123; 303.0457
124; 313.04469
125; 308.0452
126; 306.97388
127; 298.99849
128; 294.95128
129; 314.94926
130; 304.95027
131; 309.94977
132; 306.02159
133; 309.94977
134; 304.95027
135; 314.94926
136; 309.94977
137; 308.0452
138; 313.04469
139; 318.04419
140; 298.0462
141; 306.02159
142; 308.99748
143; 303.99799
144; 309.94977
145; 319.94876
146; 291.0231
147; 306.97388
148; 303.99799
149; 308.0452
150; 306.02159
151; 313.04469
152; 313.04469
153; 314.94926
154; 304.95027
155; 304.95027
156; 303.99799
157; 306.97388
158; 316.02058
159; 313.99698
160; 304.95027
161; 306.97388
162; 308.0452
163; 306.02159
164; 306.02159
165; 309.94977
166; 308.99748
167; 311.02109
168; 308.0452
169; 309.94977
170; 308.99748
171; 318.99648
172; 306.02159
173; 318.99648
174; 308.99748
175; 321.02008
176; 309.94977
177; 298.0462
178; 304.95027
179; 301.0221
180; 308.99748
181; 309.94977
182; 308.0452
183; 311.02109
184; 298.99849
185; 323.04369
186; 301.97438
187; 313.04469
188; 301.0221
189; 306.97388
190; 311.97337
191; 313.99698
192; 316.97287
193; 306.02159
194; 306.02159
195; 303.0457
196; 319.94876
197; 326.01958
198; 316.97287
199; 333.99497
200; 318.99648
201; 323.04369
202; 316.02058
203; 354.94524
204; 329.94775
205; 353.04067
206; 348.99345
207; 356.01656
208; 343.04167
209; 323.99597
210; 306.02159
211; 306.97388
212; 301.0221
213; 306.02159
214; 301.0221
215; 301.97438
216; 318.99648
217; 318.04419
218; 313.04469
219; 301.97438
220; 294.95128
221; 311.97337
222; 306.97388
223; 318.99648
224; 304.95027
225; 304.95027
226; 311.97337
227; 311.97337
228; 301.0221
229; 314.94926
230; 294.95128
231; 303.0457
232; 313.99698
233; 323.04369
234; 303.0457
235; 326.97186
236; 311.97337
237; 318.04419
238; 306.97388
239; 311.02109
240; 288.9995
241; 299.95077
242; 303.99799
243; 313.99698
244; 318.04419
245; 301.97438
246; 309.94977
247; 314.94926
248; 311.97337
249; 304.95027
250; 304.95027
251; 311.97337
252; 318.99648
253; 306.02159
254; 313.99698
255; 303.99799
256; 308.0452
257; 309.94977
258; 299.95077
259; 311.97337
260; 303.99799
261; 311.02109
262; 308.99748
263; 314.94926
264; 308.0452
265; 306.02159
266; 303.99799
267; 313.04469
268; 301.97438
269; 301.0221
270; 308.0452
271; 311.97337
272; 314.94926
273; 303.0457
274; 311.02109
275; 318.04419
276; 298.0462
277; 306.02159
278; 304.95027
279; 316.97287
280; 313.04469
281; 298.99849
282; 318.04419
283; 306.97388
284; 311.02109
285; 319.94876
286; 301.0221
287; 311.02109
288; 296.0226
289; 309.94977
290; 306.02159
291; 316.02058
292; 314.94926
293; 303.99799
294; 311.02109
295; 318.04419
296; 316.02058
297; 311.97337
298; 296.0226
299; 316.97287
300; 303.0457
301; 318.99648
302; 313.04469
303; 303.0457
304; 306.02159
305; 299.95077
306; 301.0221
307; 316.97287
308; 296.0226
309; 318.04419
310; 286.02361
311; 321.02008
312; 313.04469
313; 304.95027
314; 318.99648
315; 293.99899
316; 301.97438
317; 326.97186
318; 298.0462
319; 316.02058
320; 309.94977
321; 308.0452
322; 313.04469
323; 316.02058
324; 311.97337
325; 306.97388
326; 306.02159
327; 311.97337
328; 303.99799
329; 308.99748
330; 308.0452
331; 314.94926
332; 313.99698
333; 309.94977
334; 311.97337
335; 313.04469
336; 306.97388
337; 308.0452
338; 303.99799
339; 296.0226
340; 316.97287
341; 321.97237
342; 311.97337
343; 301.97438
344; 291.97539
345; 309.94977
346; 303.99799
347; 318.04419
348; 298.0462
349; 318.04419
350; 309.94977
351; 309.94977
352; 299.95077
353; 311.97337
354; 316.97287
355; 306.97388
356; 291.0231
357; 319.94876
358; 298.0462
359; 313.99698
360; 293.99899
361; 313.04469
362; 298.99849
363; 306.02159
364; 308.99748
365; 316.97287
366; 293.99899
367; 309.94977
368; 296.97488
369; 318.04419
370; 308.99748
371; 301.97438
372; 316.97287
373; 308.0452
374; 316.02058
375; 318.99648
376; 304.95027
377; 311.02109
378; 306.97388
379; 311.97337
380; 313.04469
381; 324.94826
382; 303.0457
383; 306.97388
384; 321.02008
385; 304.95027
386; 311.02109
387; 308.99748
388; 306.97388
389; 316.02058
390; 308.0452
391; 301.0221
392; 329.94775
393; 313.04469
394; 311.02109
395; 328.04318
396; 306.97388
397; 321.02008
398; 301.97438
399; 314.94926
400; 301.97438
401; 299.95077
402; 316.97287
403; 313.99698
404; 313.04469
405; 323.99597
406; 324.94826
407; 313.04469
408; 316.02058
409; 311.97337
410; 306.97388
411; 311.97337
412; 313.99698
413; 298.99849
414; 311.97337
415; 313.04469
416; 316.02058
417; 311.02109
418; 306.02159
419; 316.02058
420; 309.94977
421; 313.99698
422; 306.97388
423; 316.97287
424; 308.99748
425; 316.02058
426; 303.99799
427; 321.97237
428; 311.97337
429; 316.02058
430; 311.02109
431; 311.02109
432; 309.94977
433; 316.02058
434; 323.04369
435; 314.94926
436; 301.97438
437; 318.99648
438; 308.0452
439; 319.94876
440; 304.95027
441; 318.99648
442; 314.94926
443; 309.94977
444; 311.02109
445; 308.0452
446; 314.94926
447; 313.99698
448; 301.97438
449; 313.99698
450; 313.04469
451; 303.0457
452; 308.0452
453; 318.99648
454; 313.04469
455; 323.04369
456; 318.99648
457; 323.99597
458; 311.02109
459; 326.01958
460; 311.97337
461; 328.04318
462; 319.94876
463; 321.02008
464; 311.97337
465; 326.97186
466; 328.99547
467; 336.97086
468; 326.01958
469; 323.99597
470; 308.99748
471; 339.94675
472; 329.94775
473; 324.94826
474; 331.97136
475; 329.94775
476; 334.94725
477; 316.02058
478; 343.04167
479; 336.97086
480; 333.04268
481; 329.94775
482; 333.04268
483; 333.99497
484; 341.01807
485; 348.99345
486; 346.01756
487; 359.94473
488; 356.01656
489; 356.01656
490; 363.03966
491; 353.99295
492; 358.04016
493; 368.03916
494; 371.96733
495; 373.99094
496; 384.94222
497; 391.96532
498; 369.94373
499; 393.98892
500; 396.01253
501; 411.01102
502; 410.05873
503; 431.96129
504; 430.05672
505; 446.95978
506; 458.98238
507; 448.0311
508; 461.00598
509; 476.00447
510; 471.00498
511; 511.00095
512; 501.00196
513; 506.95374
514; 530.99894
515; 538.97432
516; 550.99692
517; 563.97181
518; 578.01801
519; 626.94165
520; 640.98786
521; 640.98786
522; 670.03255
523; 682.05515
524; 688.00693
525; 737.04961
526; 762.99938
527; 795.97225
528; 800.01946
529; 872.03602
530; 870.01241
531; 930.95866
532; 955.95614
533; 999.99932
534; 1032.0199
535; 1104.9887
536; 1162.9591
537; 1186.052
538; 1214.9777
539; 1304.9686
540; 1348.0595
541; 1414.0052
542; 1528.0414
543; 1613.9851
544; 1690.0489
545; 1740.9961
546; 1801.9424
547; 1905.9795
548; 2025.9674
549; 2122.0292
550; 2214.0437
551; 2392.9543
552; 2409.9764
553; 2573.0552
554; 2783.9863
555; 2958.0164
556; 3077.0521
557; 3359.0475
558; 3455.9425
559; 3674.968
560; 3799.0032
561; 4023.9805
562; 4155.991
563; 4330.0211
564; 4664.0351
565; 4801.0451
566; 5096.9677
567; 5193.0294
568; 5407.0555
569; 5782.97
570; 6004.0192
571; 6191.0242
572; 6523.0145
573; 6768.9422
574; 6783.9407
575; 6909.9994
576; 7094.0285
577; 7329.9571
578; 7396.9742
579; 7651.9485
580; 7927.9921
581; 7892.9956
582; 7830.0258
583; 7995.9615
584; 7972.9876
585; 8085.0001
586; 8040.0046
587; 7932.9916
588; 7995.0092
589; 7735.0353
590; 7618.9756
591; 7456.0158
592; 7324.9576
593; 7481.0133
594; 7383.047
595; 7473.9902
596; 7498.0354
597; 7566.0048
598; 7448.0404
599; 7546.9591
600; 7543.9832
601; 7610.0479
602; 7651.9485
603; 7923.9449
604; 7792.0534
605; 7763.961
606; 7788.9585
607; 7755.9856
608; 7625.9987
609; 7730.0359
610; 7596.954
611; 7518.9857
612; 7443.9932
613; 7249.0129
614; 7092.0049
615; 6855.0049
616; 6593.0075
617; 6406.0025
618; 6203.9991
619; 5917.0041
620; 5690.0032
621; 5417.0545
622; 5151.9621
623; 4752.0024
624; 4574.9964
625; 4295.9769
626; 4153.9674
627; 3911.0157
628; 3696.0373
629; 3522.0072
630; 3239.0595
631; 3057.0541
632; 2851.9557
633; 2688.9959
634; 2551.9859
635; 2424.0226
636; 2274.99
637; 2150.9548
638; 2000.9699
639; 1907.0508
640; 1740.9961
641; 1733.973
642; 1638.9826
643; 1546.968
644; 1441.9786
645; 1431.0273
646; 1326.9902
647; 1279.9711
648; 1204.9787
649; 1179.9812
650; 1095.942
651; 1069.04
652; 1035.9481
653; 967.97874
654; 937.98176
655; 937.98176
656; 863.9416
657; 823.94562
658; 812.99435
659; 778.95016
660; 757.99988
661; 743.95368
662; 733.95469
663; 685.98333
664; 653.96274
665; 643.01146
666; 660.03356
667; 633.01247
668; 608.01499
669; 600.0396
670; 588.017
671; 583.96979
672; 578.97029
673; 550.04464
674; 543.02153
675; 533.02254
676; 510.04866
677; 515.04816
678; 501.95424
679; 526.95172
680; 490.05068
681; 503.97785
682; 498.97835
683; 475.05219
684; 468.98137
685; 458.03009
686; 438.98439
687; 451.95928
688; 450.05471
689; 433.03261
690; 433.9849
691; 441.96028
692; 433.9849
693; 428.03311
694; 423.03362
695; 416.01052
696; 403.03563
697; 423.9859
698; 411.9633
699; 413.98691
700; 401.01203
701; 403.03563
702; 403.98792
703; 381.01404
704; 371.96733
705; 386.01354
706; 368.03916
707; 388.98943
708; 373.03865
709; 374.94322
710; 368.03916
711; 373.99094
712; 364.94423
713; 361.01605
714; 358.99245
715; 368.03916
716; 353.04067
717; 368.03916
718; 358.99245
719; 371.01505
720; 346.96985
721; 368.99144
722; 351.96935
723; 341.97035
724; 336.97086
725; 346.96985
726; 348.99345
727; 346.01756
728; 343.99396
729; 338.04218
730; 343.99396
731; 341.97035
732; 326.97186
733; 338.99446
734; 343.04167
735; 333.99497
736; 343.99396
737; 338.99446
738; 324.94826
739; 323.04369
740; 326.97186
741; 309.94977
742; 331.01907
743; 308.99748
744; 326.97186
745; 331.01907
746; 316.02058
747; 318.99648
748; 323.04369
749; 331.01907
750; 313.04469
751; 321.97237
752; 323.04369
753; 316.97287
754; 328.04318
755; 334.94725
756; 316.02058
757; 326.97186
758; 308.99748
759; 328.99547
760; 313.04469
761; 306.97388
762; 321.02008
763; 316.02058
764; 321.02008
765; 326.97186
766; 316.97287
767; 328.04318
768; 318.99648
769; 321.97237
770; 324.94826
771; 316.02058
772; 306.02159
773; 316.02058
774; 289.95178
775; 321.02008
776; 311.97337
777; 321.02008
778; 308.0452
779; 316.02058
780; 299.95077
781; 321.02008
782; 319.94876
783; 319.94876
784; 301.0221
785; 304.95027
786; 314.94926
787; 313.04469
788; 319.94876
789; 319.94876
790; 296.0226
791; 304.95027
792; 311.02109
793; 309.94977
794; 304.95027
795; 311.02109
796; 311.02109
797; 336.01857
798; 308.99748
799; 321.97237
800; 311.02109
801; 308.0452
802; 313.04469
803; 309.94977
804; 313.04469
805; 313.99698
806; 313.04469
807; 306.02159
808; 308.0452
809; 308.99748
810; 318.04419
811; 308.99748
812; 304.95027
813; 321.97237
814; 313.04469
815; 311.02109
816; 306.97388
817; 311.97337
818; 309.94977
819; 308.99748
820; 311.02109
821; 313.04469
822; 306.97388
823; 311.02109
824; 308.0452
825; 311.97337
826; 308.0452
827; 328.04318
828; 301.97438
829; 311.97337
830; 298.99849
831; 313.04469
832; 296.0226
833; 311.97337
834; 309.94977
835; 314.94926
836; 293.99899
837; 321.02008
838; 299.95077
839; 313.99698
840; 301.0221
841; 308.99748
842; 306.97388
843; 318.04419
844; 308.0452
845; 319.94876
846; 308.0452
847; 299.95077
848; 306.97388
849; 296.0226
850; 311.97337
851; 321.02008
852; 313.04469
853; 314.94926
854; 308.99748
855; 319.94876
856; 306.97388
857; 321.97237
858; 296.97488
859; 323.04369
860; 306.97388
861; 316.02058
862; 299.95077
863; 318.04419
864; 284
865; 311.97337
866; 298.99849
867; 326.01958
868; 301.0221
869; 323.99597
870; 309.94977
871; 316.02058
872; 303.99799
873; 318.04419
874; 318.99648
875; 311.97337
876; 308.0452
877; 319.94876
878; 296.0226
879; 318.99648
880; 303.99799
881; 321.02008
882; 303.99799
883; 321.02008
884; 304.95027
885; 308.0452
886; 304.95027
887; 316.02058
888; 313.99698
889; 311.97337
890; 304.95027
891; 326.97186
892; 323.04369
893; 313.04469
894; 313.04469
895; 313.04469
896; 311.97337
897; 324.94826
898; 304.95027
899; 316.97287
900; 296.0226
901; 308.99748
902; 308.0452
903; 308.99748
904; 336.01857
905; 309.94977
906; 303.99799
907; 311.97337
908; 301.0221
909; 316.02058
910; 301.0221
911; 301.0221
912; 311.97337
913; 309.94977
914; 321.02008
915; 313.04469
916; 301.97438
917; 323.99597
918; 308.0452
919; 311.97337
920; 303.99799
921; 316.02058
922; 306.97388
923; 303.0457
924; 304.95027
925; 321.97237
926; 321.02008
927; 301.0221
928; 316.02058
929; 318.04419
930; 313.04469
931; 311.02109
932; 309.94977
933; 311.97337
934; 303.0457
935; 303.0457
936; 306.02159
937; 321.02008
938; 299.95077
939; 311.97337
940; 308.0452
941; 314.94926
942; 316.97287
943; 314.94926
944; 308.99748
945; 313.04469
946; 304.95027
947; 319.94876
948; 306.97388
949; 319.94876
950; 313.99698
951; 321.02008
952; 306.97388
953; 313.04469
954; 301.97438
955; 311.02109
956; 298.0462
957; 311.02109
958; 313.04469
959; 321.02008
960; 301.0221
961; 311.02109
962; 306.02159
963; 316.02058
964; 308.99748
965; 306.97388
966; 299.95077
967; 314.94926
968; 298.0462
969; 321.97237
970; 301.97438
971; 314.94926
972; 291.97539
973; 309.94977
974; 318.04419
975; 309.94977
976; 303.99799
977; 316.02058
978; 306.02159
979; 316.02058
980; 293.04671
981; 308.99748
982; 303.0457
983; 313.99698
984; 306.97388
985; 293.99899
986; 303.0457
987; 324.94826
988; 308.99748
989; 313.04469
990; 306.02159
991; 313.04469
992; 301.97438
993; 301.97438
994; 318.99648
995; 306.97388
996; 298.99849
997; 313.04469
998; 311.02109
999; 311.97337
1000; 316.97287
1001; 308.99748
1002; 299.95077
1003; 306.02159
1004; 313.99698
1005; 309.94977
1006; 323.04369
1007; 308.0452
1008; 308.0452
1009; 319.94876
1010; 306.97388
1011; 311.02109
1012; 303.99799
1013; 313.04469
1014; 308.0452
1015; 308.99748
1016; 311.02109
1017; 304.95027
1018; 289.95178
1019; 316.97287
1020; 316.02058
1021; 314.94926
1022; 288.9995
1023; 304.95027
